Error before: 0.20842264359697704
y_hat [[0.65812978]
 [0.70235772]
 [0.67959098]
 [0.7194182 ]], y: [[0]
 [0]
 [0]
 [1]]
Epoch 0, Loss: 0.18337640361039234
y_hat [[0.36675681]
 [0.33748157]
 [0.32183793]
 [0.30082721]], y: [[0]
 [0]
 [0]
 [1]]
Epoch 30, Loss: 0.10510332588309963
y_hat [[0.28134462]
 [0.23905225]
 [0.23121192]
 [0.20022441]], y: [[0]
 [0]
 [0]
 [1]]
Epoch 60, Loss: 0.1036750896929644
y_hat [[0.26303986]
 [0.22486823]
 [0.21996397]
 [0.19076349]], y: [[0]
 [0]
 [0]
 [1]]
Epoch 90, Loss: 0.10287544538644622
[[0.23368824]
 [0.23866472]
 [0.20709241]
 [0.27245789]
 [0.23368824]
 [0.20709241]
 [0.23866472]
 [0.27245789]
 [0.23368824]
 [0.23368824]]
[0. 0. 1. 0. 0. 1. 0. 0. 0. 0.]
Error after: 0.0809065203126006
difference: -0.12751612328437645
